1636493663396 50.30583522744614 0
1636493666885 50.64128373273857 1
1636493670456 50.6767315362559 2
1636493674104 50.67568703375815 3
1636493677830 50.92041070491026 4
1636493681413 51.061695988082235 5
1636493685099 51.17259277671033 6
1636493688607 51.42386090882489 7
1636493692162 51.537271031588205 8
1636493695733 51.67984562253083 9
1636493699440 51.7128616936706 10
1636493702866 51.766604611250045 11
1636493706401 51.9124269521466 12
1636493710026 51.974444287950405 13
1636493713526 51.86371070283757 14
