1636493663396 0.7106139659881592 0
1636493666885 0.7101548314094543 1
1636493670456 0.709745724995931 2
1636493674104 0.7093060811360677 3
1636493677830 0.7089248100916544 4
1636493681413 0.7085105975468954 5
1636493685099 0.7080818216005961 6
1636493688607 0.7076926628748575 7
1636493692162 0.7073461612065634 8
1636493695733 0.7070054014523824 9
1636493699440 0.706732710202535 10
1636493702866 0.7062730590502421 11
1636493706401 0.7059150536855062 12
1636493710026 0.7055849234263102 13
1636493713526 0.7052408655484518 14
